3 0.29453125 0.975 0.1046875 0.046875
3 0.24765625 0.0109375 0.0734375 0.021875
1 0.55625 0.7859375 0.065625 0.15
1 0.68984375 0.42578125 0.0734375 0.0921875
1 0.7296875 0.46171875 0.128125 0.0734375
1 0.81640625 0.4625 0.0703125 0.065625
1 0.61640625 0.76796875 0.1140625 0.1421875
1 0.7765625 0.38359375 0.096875 0.0796875
1 0.578125 0.77890625 0.109375 0.1640625
1 0.70234375 0.44609375 0.0921875 0.0703125
7 0.73671875 0.65625 0.1671875 0.078125
7 0.359375 0.74765625 0.109375 0.0921875
7 0.3703125 0.6765625 0.115625 0.075
7 0.3015625 0.53125 0.075 0.078125
7 0.74140625 0.60703125 0.1859375 0.0703125
7 0.30078125 0.44453125 0.0828125 0.0921875
7 0.203125 0.475 0.065625 0.075
7 0.41953125 0.27265625 0.0703125 0.0609375
7 0.4328125 0.3390625 0.078125 0.078125
7 0.46875 0.734375 0.10625 0.1
7 0.65625 0.7390625 0.178125 0.1375
7 0.6828125 0.69609375 0.16875 0.1046875
7 0.47734375 0.29453125 0.0609375 0.0890625
7 0.2859375 0.68515625 0.078125 0.0640625
5 0.5 0.525 0.31875 0.315625
2 0.203125 0.58125 0.1265625 0.084375