1 0.57578125 0.2296875 0.1140625 0.1625
1 0.484375 0.17578125 0.09375 0.1453125
1 0.5203125 0.19375 0.084375 0.1375
7 0.6875 0.5828125 0.10625 0.075
7 0.49375 0.703125 0.075 0.075
7 0.6296875 0.64296875 0.096875 0.1140625
7 0.64296875 0.4171875 0.0609375 0.05625
7 0.6515625 0.484375 0.06875 0.084375
7 0.69140625 0.51328125 0.0703125 0.0703125
6 0.73203125 0.29453125 0.1421875 0.2296875
6 0.671875 0.33046875 0.146875 0.2484375
2 0.33515625 0.42890625 0.3015625 0.3828125
5 0.52890625 0.49765625 0.4140625 0.4859375