1 0.4671875 0.22109375 0.1375 0.178125
1 0.56640625 0.18203125 0.115625 0.1578125
1 0.528125 0.19453125 0.1046875 0.1484375
7 0.3015625 0.55234375 0.1171875 0.090625
7 0.47421875 0.7015625 0.0859375 0.0859375
7 0.34921875 0.62109375 0.1140625 0.128125
7 0.371875 0.39609375 0.06875 0.065625
7 0.353125 0.4609375 0.08125 0.09375
7 0.30859375 0.4828125 0.0796875 0.0796875
6 0.303125 0.2609375 0.1765625 0.2484375
6 0.35703125 0.30546875 0.184375 0.26875
2 0.67421875 0.45546875 0.3578125 0.425
5 0.471875 0.49296875 0.484375 0.5453125