6 0.9171875 0.45546875 0.146875 0.2046875
6 0.87890625 0.75234375 0.1140625 0.1734375
6 0.9375 0.30390625 0.115625 0.1328125
6 0.87421875 0.803125 0.1234375 0.284375
6 0.96015625 0.82578125 0.0703125 0.1859375
6 0.484375 0.771875 0.128125 0.221875
6 0.4578125 0.73828125 0.18125 0.2890625
6 0.58671875 0.87734375 0.1453125 0.2265625
6 0.3734375 0.3171875 0.2609375 0.2640625
6 0.865625 0.87265625 0.10625 0.1453125
6 0.51796875 0.4734375 0.1765625 0.23125
6 0.41328125 0.66484375 0.1015625 0.1421875
6 0.32265625 0.4765625 0.2265625 0.3125
6 0.65390625 0.67890625 0.1265625 0.2296875
6 0.74296875 0.81015625 0.1640625 0.2703125
6 0.43515625 0.22109375 0.0828125 0.1203125
6 0.59296875 0.59375 0.1859375 0.25625
6 0.9 0.59140625 0.11875 0.0828125
6 0.74765625 0.65625 0.0578125 0.096875
6 0.8484375 0.9234375 0.15 0.15