6 0.08828125 0.41953125 0.1640625 0.2171875
6 0.10078125 0.71875 0.128125 0.1828125
6 0.08125 0.26640625 0.1265625 0.1421875
6 0.10078125 0.76953125 0.1484375 0.29375
6 0.028125 0.784375 0.05625 0.190625
6 0.4921875 0.771875 0.146875 0.2328125
6 0.52109375 0.74140625 0.20625 0.303125
6 0.38046875 0.86796875 0.1640625 0.2390625
6 0.6421875 0.32890625 0.2828125 0.2859375
6 0.103125 0.8390625 0.11875 0.1546875
6 0.484375 0.471875 0.1953125 0.2453125
6 0.571875 0.671875 0.1140625 0.15
6 0.67890625 0.4921875 0.253125 0.33125
6 0.33125 0.66484375 0.146875 0.240625
6 0.23125 0.7875 0.1875 0.2828125
6 0.5890625 0.228125 0.09375 0.1265625
6 0.39921875 0.58515625 0.2078125 0.271875
6 0.09375 0.55625 0.125 0.0921875
6 0.23984375 0.634375 0.065625 0.1015625
6 0.115625 0.89140625 0.1625 0.1625